================================================================================
统计所有codelfuzz1实验的MR错误数量
================================================================================

正在读取文件 1: /media/lzq/D/lzq/pylot_test/tmp/handle_vector/define_mr_err_output_codelfuzz1_1.txt
  文件 1 统计:
    [0, 0, 0]: 895
    [0, 0, 1]: 0
    [0, 1, 0]: 0
    [0, 1, 1]: 0
    [1, 0, 0]: 104
    [1, 0, 1]: 1
    [1, 1, 0]: 0
    [1, 1, 1]: 0

正在读取文件 2: /media/lzq/D/lzq/pylot_test/tmp/handle_vector/define_mr_err_output_codelfuzz1_2.txt
  文件 2 统计:
    [0, 0, 0]: 939
    [0, 0, 1]: 0
    [0, 1, 0]: 0
    [0, 1, 1]: 0
    [1, 0, 0]: 53
    [1, 0, 1]: 2
    [1, 1, 0]: 0
    [1, 1, 1]: 6

正在读取文件 3: /media/lzq/D/lzq/pylot_test/tmp/handle_vector/define_mr_err_output_codelfuzz1_3.txt
  文件 3 统计:
    [0, 0, 0]: 892
    [0, 0, 1]: 0
    [0, 1, 0]: 0
    [0, 1, 1]: 0
    [1, 0, 0]: 106
    [1, 0, 1]: 2
    [1, 1, 0]: 0
    [1, 1, 1]: 0

正在读取文件 4: /media/lzq/D/lzq/pylot_test/tmp/handle_vector/define_mr_err_output_codelfuzz1_4.txt
  文件 4 统计:
    [0, 0, 0]: 845
    [0, 0, 1]: 0
    [0, 1, 0]: 1
    [0, 1, 1]: 0
    [1, 0, 0]: 140
    [1, 0, 1]: 1
    [1, 1, 0]: 7
    [1, 1, 1]: 0

正在读取文件 5: /media/lzq/D/lzq/pylot_test/tmp/handle_vector/define_mr_err_output_codelfuzz1_5.txt
  文件 5 统计:
    [0, 0, 0]: 697
    [0, 0, 1]: 2
    [0, 1, 0]: 3
    [0, 1, 1]: 1
    [1, 0, 0]: 192
    [1, 0, 1]: 5
    [1, 1, 0]: 55
    [1, 1, 1]: 3

正在读取文件 6: /media/lzq/D/lzq/pylot_test/tmp/handle_vector/define_mr_err_output_codelfuzz1_6.txt
  文件 6 统计:
    [0, 0, 0]: 893
    [0, 0, 1]: 0
    [0, 1, 0]: 1
    [0, 1, 1]: 1
    [1, 0, 0]: 74
    [1, 0, 1]: 3
    [1, 1, 0]: 13
    [1, 1, 1]: 0

================================================================================
汇总统计结果
================================================================================
错误类型                 数量              百分比            
--------------------------------------------------
[0, 0, 0]            5161            86.93%
[0, 0, 1]            2               0.03%
[0, 1, 0]            5               0.08%
[0, 1, 1]            2               0.03%
[1, 0, 0]            669             11.27%
[1, 0, 1]            14              0.24%
[1, 1, 0]            75              1.26%
[1, 1, 1]            9               0.15%

总计: 5937

================================================================================
各文件详细统计
================================================================================
文件         [0, 0, 0]    [0, 0, 1]    [0, 1, 0]    [0, 1, 1]    [1, 0, 0]    [1, 0, 1]    [1, 1, 0]    [1, 1, 1]   
------------------------------------------------------------------------------------------------------------------------
文件1      895          0            0            0            104          1            0            0           
文件2      939          0            0            0            53           2            0            6           
文件3      892          0            0            0            106          2            0            0           
文件4      845          0            1            0            140          1            7            0           
文件5      697          2            3            1            192          5            55           3           
文件6      893          0            1            1            74           3            13           0           
